001	001	Bulbasaur	64	0	0	0	1	0	0	1
002	002	Ivysaur	142	0	0	0	1	1	0	2
003	003	Venusaur	236	0	0	0	2	1	0	3
004	004	Charmander	62	0	0	0	0	0	1	1
005	005	Charmeleon	142	0	0	0	1	0	1	2
006	006	Charizard	240	0	0	0	3	0	0	3
007	007	Squirtle	63	0	0	1	0	0	0	1
008	008	Wartortle	142	0	0	1	0	1	0	2
009	009	Blastoise	239	0	0	0	0	3	0	3
010	010	Caterpie	39	1	0	0	0	0	0	1
011	011	Metapod	72	0	0	2	0	0	0	2
012	012	Butterfree	173	0	0	0	2	1	0	3
013	013	Weedle	39	0	0	0	0	0	1	1
014	014	Kakuna	72	0	0	2	0	0	0	2
015	015	Beedrill	173	0	2	0	0	1	0	3
016	016	Pidgey	50	0	0	0	0	0	1	1
017	017	Pidgeotto	122	0	0	0	0	0	2	2
018	018	Pidgeot	211	0	0	0	0	0	3	3
019	019	Rattata	51	0	0	0	0	0	1	1
020	020	Raticate	145	0	0	0	0	0	2	2
021	021	Spearow	52	0	0	0	0	0	1	1
022	022	Fearow	155	0	0	0	0	0	2	2
023	023	Ekans	58	0	1	0	0	0	0	1
024	024	Arbok	153	0	2	0	0	0	0	2
025	025	Pikachu	105	0	0	0	0	0	2	2
026	026	Raichu	214	0	0	0	0	0	3	3
027	027	Sandshrew	60	0	0	1	0	0	0	1
028	028	Sandslash	158	0	0	2	0	0	0	2
029	029	Nidoran♀	55	1	0	0	0	0	0	1
030	030	Nidorina	128	2	0	0	0	0	0	2
031	031	Nidoqueen	223	3	0	0	0	0	0	3
032	032	Nidoran♂	55	0	1	0	0	0	0	1
033	033	Nidorino	128	0	2	0	0	0	0	2
034	034	Nidoking	223	0	3	0	0	0	0	3
035	035	Clefairy	113	2	0	0	0	0	0	2
036	036	Clefable	213	3	0	0	0	0	0	3
037	037	Vulpix	60	0	0	0	0	0	1	1
038	038	Ninetales	177	0	0	0	0	1	1	2
039	039	Jigglypuff	95	2	0	0	0	0	0	2
040	040	Wigglytuff	191	3	0	0	0	0	0	3
041	041	Zubat	49	0	0	0	0	0	1	1
042	042	Golbat	159	0	0	0	0	0	2	2
043	043	Oddish	64	0	0	0	1	0	0	1
044	044	Gloom	138	0	0	0	2	0	0	2
045	045	Vileplume	216	0	0	0	3	0	0	3
046	046	Paras	57	0	1	0	0	0	0	1
047	047	Parasect	142	0	2	1	0	0	0	3
048	048	Venonat	61	0	0	0	0	1	0	1
049	049	Venomoth	158	0	0	0	1	0	1	2
050	050	Diglett	53	0	0	0	0	0	1	1
051	051	Dugtrio	142	0	0	0	0	0	2	2
052	052	Meowth	58	0	0	0	0	0	1	1
053	053	Persian	154	0	0	0	0	0	2	2
054	054	Psyduck	64	0	0	0	1	0	0	1
055	055	Golduck	175	0	0	0	2	0	0	2
056	056	Mankey	61	0	1	0	0	0	0	1
057	057	Primeape	159	0	2	0	0	0	0	2
058	058	Growlithe	70	0	1	0	0	0	0	1
059	059	Arcanine	194	0	2	0	0	0	0	2
060	060	Poliwag	60	0	0	0	0	0	1	1
061	061	Poliwhirl	135	0	0	0	0	0	2	2
062	062	Poliwrath	225	0	0	3	0	0	0	3
063	063	Abra	62	0	0	0	1	0	0	1
064	064	Kadabra	140	0	0	0	2	0	0	2
065	065	Alakazam	221	0	0	0	3	0	0	3
066	066	Machop	61	0	1	0	0	0	0	1
067	067	Machoke	142	0	2	0	0	0	0	2
068	068	Machamp	227	0	3	0	0	0	0	3
069	069	Bellsprout	60	0	1	0	0	0	0	1
070	070	Weepinbell	137	0	2	0	0	0	0	2
071	071	Victreebel	216	0	3	0	0	0	0	3
072	072	Tentacool	67	0	0	0	0	1	0	1
073	073	Tentacruel	180	0	0	0	0	2	0	2
074	074	Geodude	60	0	0	1	0	0	0	1
075	075	Graveler	137	0	0	2	0	0	0	2
076	076	Golem	218	0	0	3	0	0	0	3
077	077	Ponyta	82	0	0	0	0	0	1	1
078	078	Rapidash	175	0	0	0	0	0	2	2
079	079	Slowpoke	63	1	0	0	0	0	0	1
080	080	Slowbro	172	0	0	2	0	0	0	2
081	081	Magnemite	65	0	0	0	1	0	0	1
082	082	Magneton	163	0	0	0	2	0	0	2
083	083	Farfetch'd	123	0	1	0	0	0	0	1
084	084	Doduo	62	0	1	0	0	0	0	1
085	085	Dodrio	161	0	2	0	0	0	0	2
086	086	Seel	65	0	0	0	0	1	0	1
087	087	Dewgong	166	0	0	0	0	2	0	2
088	088	Grimer	65	1	0	0	0	0	0	1
089	089	Muk	175	1	1	0	0	0	0	2
090	090	Shellder	61	0	0	1	0	0	0	1
091	091	Cloyster	184	0	0	2	0	0	0	2
092	092	Gastly	62	0	0	0	1	0	0	1
093	093	Haunter	142	0	0	0	2	0	0	2
094	094	Gengar	225	0	0	0	3	0	0	3
095	095	Onix	77	0	0	1	0	0	0	1
096	096	Drowzee	66	0	0	0	0	1	0	1
097	097	Hypno	169	0	0	0	0	2	0	2
098	098	Krabby	65	0	1	0	0	0	0	1
099	099	Kingler	166	0	2	0	0	0	0	2
100	100	Voltorb	66	0	0	0	0	0	1	1
101	101	Electrode	168	0	0	0	0	0	2	2
102	102	Exeggcute	65	0	0	1	0	0	0	1
103	103	Exeggutor	182	0	0	0	2	0	0	2
104	104	Cubone	64	0	0	1	0	0	0	1
105	105	Marowak	149	0	0	2	0	0	0	2
106	106	Hitmonlee	159	0	2	0	0	0	0	2
107	107	Hitmonchan	159	0	0	0	0	2	0	2
108	108	Lickitung	77	2	0	0	0	0	0	2
109	109	Koffing	68	0	0	1	0	0	0	1
110	110	Weezing	172	0	0	2	0	0	0	2
111	111	Rhyhorn	69	0	0	1	0	0	0	1
112	112	Rhydon	170	0	2	0	0	0	0	2
113	113	Chansey	395	2	0	0	0	0	0	2
114	114	Tangela	87	0	0	1	0	0	0	1
115	115	Kangaskhan	172	2	0	0	0	0	0	2
116	116	Horsea	59	0	0	0	1	0	0	1
117	117	Seadra	154	0	0	1	1	0	0	2
118	118	Goldeen	64	0	1	0	0	0	0	1
119	119	Seaking	158	0	2	0	0	0	0	2
120	120	Staryu	68	0	0	0	0	0	1	1
121	121	Starmie	182	0	0	0	0	0	2	2
122	122	Mr. Mime	161	0	0	0	0	2	0	2
123	123	Scyther	100	0	1	0	0	0	0	1
124	124	Jynx	159	0	0	0	2	0	0	2
125	125	Electabuzz	172	0	0	0	0	0	2	2
126	126	Magmar	173	0	0	0	2	0	0	2
127	127	Pinsir	175	0	2	0	0	0	0	2
128	128	Tauros	172	0	1	0	0	0	1	2
129	129	Magikarp	40	0	0	0	0	0	1	1
130	130	Gyarados	189	0	2	0	0	0	0	2
131	131	Lapras	187	2	0	0	0	0	0	2
132	132	Ditto	101	1	0	0	0	0	0	1
133	133	Eevee	65	0	0	0	0	1	0	1
134	134	Vaporeon	184	2	0	0	0	0	0	2
135	135	Jolteon	184	0	0	0	0	0	2	2
136	136	Flareon	184	0	2	0	0	0	0	2
137	137	Porygon	79	0	0	0	1	0	0	1
138	138	Omanyte	71	0	0	1	0	0	0	1
139	139	Omastar	173	0	0	2	0	0	0	2
140	140	Kabuto	71	0	0	1	0	0	0	1
141	141	Kabutops	173	0	2	0	0	0	0	2
142	142	Aerodactyl	180	0	0	0	0	0	2	2
143	143	Snorlax	189	2	0	0	0	0	0	2
144	144	Articuno	261	0	0	0	0	3	0	3
145	145	Zapdos	261	0	0	0	3	0	0	3
146	146	Moltres	261	0	0	0	3	0	0	3
147	147	Dratini	60	0	1	0	0	0	0	1
148	148	Dragonair	147	0	2	0	0	0	0	2
149	149	Dragonite	270	0	3	0	0	0	0	3
150	150	Mewtwo	306	0	0	0	3	0	0	3
151	151	Mew	270	3	0	0	0	0	0	3
152	152	Chikorita	64	0	0	0	0	1	0	1
153	153	Bayleef	142	0	0	1	0	1	0	2
154	154	Meganium	236	0	0	1	0	2	0	3
155	155	Cyndaquil	62	0	0	0	0	0	1	1
156	156	Quilava	142	0	0	0	1	0	1	2
157	157	Typhlosion	240	0	0	0	3	0	0	3
158	158	Totodile	63	0	1	0	0	0	0	1
159	159	Croconaw	142	0	1	1	0	0	0	2
160	160	Feraligatr	239	0	2	1	0	0	0	3
161	161	Sentret	43	0	1	0	0	0	0	1
162	162	Furret	145	0	0	0	0	0	2	2
163	163	Hoothoot	52	1	0	0	0	0	0	1
164	164	Noctowl	155	2	0	0	0	0	0	2
165	165	Ledyba	53	0	0	0	0	1	0	1
166	166	Ledian	137	0	0	0	0	2	0	2
167	167	Spinarak	50	0	1	0	0	0	0	1
168	168	Ariados	137	0	2	0	0	0	0	2
169	169	Crobat	241	0	0	0	0	0	3	3
170	170	Chinchou	66	1	0	0	0	0	0	1
171	171	Lanturn	161	2	0	0	0	0	0	2
172	172	Pichu	41	0	0	0	0	0	1	1
173	173	Cleffa	44	0	0	0	0	1	0	1
174	174	Igglybuff	42	1	0	0	0	0	0	1
175	175	Togepi	49	0	0	0	0	1	0	1
176	176	Togetic	142	0	0	0	0	2	0	2
177	177	Natu	64	0	0	0	1	0	0	1
178	178	Xatu	165	0	0	0	1	0	1	2
179	179	Mareep	56	0	0	0	1	0	0	1
180	180	Flaaffy	128	0	0	0	2	0	0	2
181	181	Ampharos	225	0	0	0	3	0	0	3
182	182	Bellossom	216	0	0	0	0	3	0	3
183	183	Marill	88	2	0	0	0	0	0	2
184	184	Azumarill	185	3	0	0	0	0	0	3
185	185	Sudowoodo	144	0	0	2	0	0	0	2
186	186	Politoed	225	0	0	0	0	3	0	3
187	187	Hoppip	50	0	0	0	0	1	0	1
188	188	Skiploom	119	0	0	0	0	0	2	2
189	189	Jumpluff	203	0	0	0	0	0	3	3
190	190	Aipom	72	0	0	0	0	0	1	1
191	191	Sunkern	36	0	0	0	1	0	0	1
192	192	Sunflora	149	0	0	0	2	0	0	2
193	193	Yanma	78	0	0	0	0	0	1	1
194	194	Wooper	42	1	0	0	0	0	0	1
195	195	Quagsire	151	2	0	0	0	0	0	2
196	196	Espeon	184	0	0	0	2	0	0	2
197	197	Umbreon	184	0	0	0	0	2	0	2
198	198	Murkrow	81	0	0	0	0	0	1	1
199	199	Slowking	172	0	0	0	0	3	0	3
200	200	Misdreavus	87	0	0	0	0	1	0	1
201	201	Unown	118	0	1	0	1	0	0	2
202	202	Wobbuffet	142	2	0	0	0	0	0	2
203	203	Girafarig	159	0	0	0	2	0	0	2
204	204	Pineco	58	0	0	1	0	0	0	1
205	205	Forretress	163	0	0	2	0	0	0	2
206	206	Dunsparce	145	1	0	0	0	0	0	1
207	207	Gligar	86	0	0	1	0	0	0	1
208	208	Steelix	179	0	0	2	0	0	0	2
209	209	Snubbull	60	0	1	0	0	0	0	1
210	210	Granbull	158	0	2	0	0	0	0	2
211	211	Qwilfish	86	0	1	0	0	0	0	1
212	212	Scizor	175	0	2	0	0	0	0	2
213	213	Shuckle	177	0	0	1	0	1	0	2
214	214	Heracross	175	0	2	0	0	0	0	2
215	215	Sneasel	86	0	0	0	0	0	1	1
216	216	Teddiursa	66	0	1	0	0	0	0	1
217	217	Ursaring	175	0	2	0	0	0	0	2
218	218	Slugma	50	0	0	0	1	0	0	1
219	219	Magcargo	144	0	0	2	0	0	0	2
220	220	Swinub	50	0	1	0	0	0	0	1
221	221	Piloswine	158	1	1	0	0	0	0	2
222	222	Corsola	133	0	0	1	0	1	0	2
223	223	Remoraid	60	0	0	0	1	0	0	1
224	224	Octillery	168	0	1	0	1	0	0	2
225	225	Delibird	116	0	0	0	0	0	1	1
226	226	Mantine	163	0	0	0	0	2	0	2
227	227	Skarmory	163	0	0	2	0	0	0	2
228	228	Houndour	66	0	0	0	1	0	0	1
229	229	Houndoom	175	0	0	0	2	0	0	2
230	230	Kingdra	243	0	1	0	1	1	0	3
231	231	Phanpy	66	1	0	0	0	0	0	1
232	232	Donphan	175	0	1	1	0	0	0	2
233	233	Porygon2	180	0	0	0	2	0	0	2
234	234	Stantler	163	0	1	0	0	0	0	1
235	235	Smeargle	88	0	0	0	0	0	1	1
236	236	Tyrogue	42	0	1	0	0	0	0	1
237	237	Hitmontop	159	0	0	0	0	2	0	2
238	238	Smoochum	61	0	0	0	1	0	0	1
239	239	Elekid	72	0	0	0	0	0	1	1
240	240	Magby	73	0	0	0	0	0	1	1
241	241	Miltank	172	0	0	2	0	0	0	2
242	242	Blissey	608	3	0	0	0	0	0	3
243	243	Raikou	261	0	0	0	1	0	2	3
244	244	Entei	261	1	2	0	0	0	0	3
245	245	Suicune	261	0	0	1	0	2	0	3
246	246	Larvitar	60	0	1	0	0	0	0	1
247	247	Pupitar	144	0	2	0	0	0	0	2
248	248	Tyranitar	270	0	3	0	0	0	0	3
249	249	Lugia	306	0	0	0	0	3	0	3
250	250	Ho-Oh	306	0	0	0	0	3	0	3
251	251	Celebi	270	3	0	0	0	0	0	3
252	252	Treecko	62	0	0	0	0	0	1	1
253	253	Grovyle	142	0	0	0	0	0	2	2
254	254	Sceptile	239	0	0	0	0	0	3	3
255	255	Torchic	62	0	0	0	1	0	0	1
256	256	Combusken	142	0	1	0	1	0	0	2
257	257	Blaziken	239	0	3	0	0	0	0	3
258	258	Mudkip	62	0	1	0	0	0	0	1
259	259	Marshtomp	142	0	2	0	0	0	0	2
260	260	Swampert	241	0	3	0	0	0	0	3
261	261	Poochyena	44	0	1	0	0	0	0	1
262	262	Mightyena	147	0	2	0	0	0	0	2
263	263	Zigzagoon	48	0	0	0	0	0	1	1
264	264	Linoone	147	0	0	0	0	0	2	2
265	265	Wurmple	39	1	0	0	0	0	0	1
266	266	Silcoon	72	0	0	2	0	0	0	2
267	267	Beautifly	173	0	0	0	3	0	0	3
268	268	Cascoon	41	0	0	2	0	0	0	2
269	269	Dustox	135	0	0	0	0	3	0	3
270	270	Lotad	44	0	0	0	0	1	0	1
271	271	Lombre	119	0	0	0	0	2	0	2
272	272	Ludicolo	216	0	0	0	0	3	0	3
273	273	Seedot	44	0	0	1	0	0	0	1
274	274	Nuzleaf	119	0	2	0	0	0	0	2
275	275	Shiftry	216	0	3	0	0	0	0	3
276	276	Taillow	54	0	0	0	0	0	1	1
277	277	Swellow	151	0	0	0	0	0	2	2
278	278	Wingull	54	0	0	0	0	0	1	1
279	279	Pelipper	151	0	0	2	0	0	0	2
280	280	Ralts	40	0	0	0	1	0	0	1
281	281	Kirlia	97	0	0	0	2	0	0	2
282	282	Gardevoir	233	0	0	0	3	0	0	3
283	283	Surskit	54	0	0	0	0	0	1	1
284	284	Masquerain	145	0	0	0	1	1	0	2
285	285	Shroomish	59	1	0	0	0	0	0	1
286	286	Breloom	161	0	2	0	0	0	0	2
287	287	Slakoth	56	1	0	0	0	0	0	1
288	288	Vigoroth	154	0	0	0	0	0	2	2
289	289	Slaking	252	3	0	0	0	0	0	3
290	290	Nincada	53	0	0	1	0	0	0	1
291	291	Ninjask	160	0	0	0	0	0	2	2
292	292	Shedinja	83	2	0	0	0	0	0	2
293	293	Whismur	48	1	0	0	0	0	0	1
294	294	Loudred	126	2	0	0	0	0	0	2
295	295	Exploud	216	3	0	0	0	0	0	3
296	296	Makuhita	47	1	0	0	0	0	0	1
297	297	Hariyama	166	2	0	0	0	0	0	2
298	298	Azurill	38	1	0	0	0	0	0	1
299	299	Nosepass	75	0	0	1	0	0	0	1
300	300	Skitty	52	0	0	0	0	0	1	1
301	301	Delcatty	133	1	0	0	0	0	1	2
302	302	Sableye	133	0	1	1	0	0	0	2
303	303	Mawile	133	0	1	1	0	0	0	2
304	304	Aron	66	0	0	1	0	0	0	1
305	305	Lairon	151	0	0	2	0	0	0	2
306	306	Aggron	239	0	0	3	0	0	0	3
307	307	Meditite	56	0	0	0	0	0	1	1
308	308	Medicham	144	0	0	0	0	0	2	2
309	309	Electrike	59	0	0	0	0	0	1	1
310	310	Manectric	166	0	0	0	0	0	2	2
311	311	Plusle	142	0	0	0	0	0	1	1
312	312	Minun	142	0	0	0	0	0	1	1
313	313	Volbeat	140	0	0	0	0	0	1	1
314	314	Illumise	140	0	0	0	0	0	1	1
315	315	Roselia	140	0	0	0	2	0	0	2
316	316	Gulpin	60	1	0	0	0	0	0	1
317	317	Swalot	163	2	0	0	0	0	0	2
318	318	Carvanha	61	0	1	0	0	0	0	1
319	319	Sharpedo	161	0	2	0	0	0	0	2
320	320	Wailmer	80	1	0	0	0	0	0	1
321	321	Wailord	175	2	0	0	0	0	0	2
322	322	Numel	61	0	0	0	1	0	0	1
323	323	Camerupt	161	0	1	0	1	0	0	2
324	324	Torkoal	165	0	0	2	0	0	0	2
325	325	Spoink	66	0	0	0	0	1	0	1
326	326	Grumpig	165	0	0	0	0	2	0	2
327	327	Spinda	126	0	0	0	1	0	0	1
328	328	Trapinch	58	0	1	0	0	0	0	1
329	329	Vibrava	119	0	1	0	0	0	1	2
330	330	Flygon	234	0	1	0	0	0	2	3
331	331	Cacnea	67	0	0	0	1	0	0	1
332	332	Cacturne	166	0	1	0	1	0	0	2
333	333	Swablu	62	0	0	0	0	1	0	1
334	334	Altaria	172	0	0	0	0	2	0	2
335	335	Zangoose	160	0	2	0	0	0	0	2
336	336	Seviper	160	0	1	0	1	0	0	2
337	337	Lunatone	154	0	0	0	2	0	0	2
338	338	Solrock	154	0	2	0	0	0	0	2
339	339	Barboach	58	1	0	0	0	0	0	1
340	340	Whiscash	164	2	0	0	0	0	0	2
341	341	Corphish	62	0	1	0	0	0	0	1
342	342	Crawdaunt	164	0	2	0	0	0	0	2
343	343	Baltoy	60	0	0	0	0	1	0	1
344	344	Claydol	175	0	0	0	0	2	0	2
345	345	Lileep	71	0	0	0	0	1	0	1
346	346	Cradily	173	0	0	0	0	2	0	2
347	347	Anorith	71	0	1	0	0	0	0	1
348	348	Armaldo	173	0	2	0	0	0	0	2
349	349	Feebas	40	0	0	0	0	0	1	1
350	350	Milotic	189	0	0	0	0	2	0	2
351	351	Castform	147	1	0	0	0	0	0	1
352	352	Kecleon	154	0	0	0	0	1	0	1
353	353	Shuppet	59	0	1	0	0	0	0	1
354	354	Banette	159	0	2	0	0	0	0	2
355	355	Duskull	59	0	0	0	0	1	0	1
356	356	Dusclops	159	0	0	1	0	1	0	2
357	357	Tropius	161	2	0	0	0	0	0	2
358	358	Chimecho	149	0	0	0	1	1	0	2
359	359	Absol	163	0	2	0	0	0	0	2
360	360	Wynaut	52	1	0	0	0	0	0	1
361	361	Snorunt	60	1	0	0	0	0	0	1
362	362	Glalie	168	2	0	0	0	0	0	2
363	363	Spheal	58	1	0	0	0	0	0	1
364	364	Sealeo	144	2	0	0	0	0	0	2
365	365	Walrein	239	3	0	0	0	0	0	3
366	366	Clamperl	69	0	0	1	0	0	0	1
367	367	Huntail	170	0	1	1	0	0	0	2
368	368	Gorebyss	170	0	0	0	2	0	0	2
369	369	Relicanth	170	1	0	1	0	0	0	2
370	370	Luvdisc	116	0	0	0	0	0	1	1
371	371	Bagon	60	0	1	0	0	0	0	1
372	372	Shelgon	147	0	0	2	0	0	0	2
373	373	Salamence	270	0	3	0	0	0	0	3
374	374	Beldum	60	0	0	1	0	0	0	1
375	375	Metang	147	0	0	2	0	0	0	2
376	376	Metagross	270	0	0	3	0	0	0	3
377	377	Regirock	261	0	0	3	0	0	0	3
378	378	Regice	261	0	0	0	0	3	0	3
379	379	Registeel	261	0	0	2	0	1	0	3
380	380	Latias	270	0	0	0	0	3	0	3
381	381	Latios	270	0	0	0	3	0	0	3
382	382	Kyogre	302	0	0	0	3	0	0	3
383	383	Groudon	302	0	3	0	0	0	0	3
384	384	Rayquaza	306	0	2	0	1	0	0	3
385	385	Jirachi	270	3	0	0	0	0	0	3
387	387	Turtwig	64	0	1	0	0	0	0	1
388	388	Grotle	142	0	1	1	0	0	0	2
389	389	Torterra	236	0	2	1	0	0	0	3
390	390	Chimchar	62	0	0	0	0	0	1	1
391	391	Monferno	142	0	0	0	1	0	1	2
392	392	Infernape	240	0	1	0	1	0	1	3
393	393	Piplup	63	0	0	0	1	0	0	1
394	394	Prinplup	142	0	0	0	2	0	0	2
395	395	Empoleon	239	0	0	0	3	0	0	3
396	396	Starly	49	0	0	0	0	0	1	1
397	397	Staravia	119	0	0	0	0	0	2	2
398	398	Staraptor	214	0	3	0	0	0	0	3
399	399	Bidoof	50	1	0	0	0	0	0	1
400	400	Bibarel	144	0	2	0	0	0	0	2
401	401	Kricketot	39	0	0	1	0	0	0	1
402	402	Kricketune	134	0	2	0	0	0	0	2
403	403	Shinx	53	0	1	0	0	0	0	1
404	404	Luxio	127	0	2	0	0	0	0	2
405	405	Luxray	235	0	3	0	0	0	0	3
406	406	Budew	56	0	0	0	1	0	0	1
407	407	Roserade	227	0	0	0	3	0	0	3
408	408	Cranidos	70	0	1	0	0	0	0	1
409	409	Rampardos	173	0	2	0	0	0	0	2
410	410	Shieldon	70	0	0	1	0	0	0	1
411	411	Bastiodon	173	0	0	2	0	0	0	2
412	412	Burmy	45	0	0	0	0	1	0	1
414	414	Mothim	148	0	1	0	1	0	0	2
415	415	Combee	49	0	0	0	0	0	1	1
416	416	Vespiquen	166	0	0	1	0	1	0	2
417	417	Pachirisu	142	0	0	0	0	0	1	1
418	418	Buizel	66	0	0	0	0	0	1	1
419	419	Floatzel	173	0	0	0	0	0	2	2
420	420	Cherubi	55	0	0	0	1	0	0	1
421	421	Cherrim	158	0	0	0	2	0	0	2
422	422	Shellos	65	1	0	0	0	0	0	1
423	423	Gastrodon	166	2	0	0	0	0	0	2
424	424	Ambipom	169	0	0	0	0	0	2	2
425	425	Drifloon	70	1	0	0	0	0	0	1
426	426	Drifblim	174	2	0	0	0	0	0	2
427	427	Buneary	70	0	0	0	0	0	1	1
428	428	Lopunny	168	0	0	0	0	0	2	2
429	429	Mismagius	173	0	0	0	1	1	0	2
430	430	Honchkrow	177	0	2	0	0	0	0	2
431	431	Glameow	62	0	0	0	0	0	1	1
432	432	Purugly	158	0	0	0	0	0	2	2
433	433	Chingling	57	0	0	0	1	0	0	1
434	434	Stunky	66	0	0	0	0	0	1	1
435	435	Skuntank	168	2	0	0	0	0	0	2
436	436	Bronzor	60	0	0	1	0	0	0	1
437	437	Bronzong	175	0	0	1	0	1	0	2
438	438	Bonsly	58	0	0	1	0	0	0	1
439	439	Mime Jr.	62	0	0	0	0	1	0	1
440	440	Happiny	110	1	0	0	0	0	0	1
441	441	Chatot	144	0	1	0	0	0	0	1
442	442	Spiritomb	170	0	0	1	0	1	0	2
443	443	Gible	60	0	1	0	0	0	0	1
444	444	Gabite	144	0	2	0	0	0	0	2
445	445	Garchomp	270	0	3	0	0	0	0	3
446	446	Munchlax	78	1	0	0	0	0	0	1
447	447	Riolu	57	0	1	0	0	0	0	1
448	448	Lucario	184	0	1	0	1	0	0	2
449	449	Hippopotas	66	0	0	1	0	0	0	1
450	450	Hippowdon	184	0	0	2	0	0	0	2
451	451	Skorupi	66	0	0	1	0	0	0	1
452	452	Drapion	175	0	0	2	0	0	0	2
453	453	Croagunk	60	0	1	0	0	0	0	1
454	454	Toxicroak	172	0	2	0	0	0	0	2
455	455	Carnivine	159	0	2	0	0	0	0	2
456	456	Finneon	66	0	0	0	0	0	1	1
457	457	Lumineon	161	0	0	0	0	0	2	2
458	458	Mantyke	69	0	0	0	0	1	0	1
459	459	Snover	67	0	1	0	0	0	0	1
460	460	Abomasnow	173	0	1	0	1	0	0	2
461	461	Weavile	179	0	1	0	0	0	1	2
462	462	Magnezone	241	0	0	0	3	0	0	3
463	463	Lickilicky	180	3	0	0	0	0	0	3
464	464	Rhyperior	241	0	3	0	0	0	0	3
465	465	Tangrowth	187	0	0	2	0	0	0	2
466	466	Electivire	243	0	3	0	0	0	0	3
467	467	Magmortar	243	0	0	0	3	0	0	3
468	468	Togekiss	245	0	0	0	2	1	0	3
469	469	Yanmega	180	0	2	0	0	0	0	2
470	470	Leafeon	184	0	0	2	0	0	0	2
471	471	Glaceon	184	0	0	0	2	0	0	2
472	472	Gliscor	179	0	0	2	0	0	0	2
473	473	Mamoswine	239	0	3	0	0	0	0	3
474	474	Porygon-Z	241	0	0	0	3	0	0	3
475	475	Gallade	233	0	3	0	0	0	0	3
476	476	Probopass	184	0	0	1	0	2	0	3
477	477	Dusknoir	236	0	0	1	0	2	0	3
478	478	Froslass	168	0	0	0	0	0	2	2
479	479	Rotom	154	0	0	0	1	0	1	2
480	480	Uxie	261	0	0	2	0	1	0	3
481	481	Mesprit	261	0	1	0	1	1	0	3
482	482	Azelf	261	0	2	0	1	0	0	3
483	483	Dialga	306	0	0	0	3	0	0	3
484	484	Palkia	306	0	0	0	3	0	0	3
485	485	Heatran	270	0	0	0	3	0	0	3
486	486	Regigigas	302	0	3	0	0	0	0	3
487	487	Giratina	306	3	0	0	0	0	0	3
488	488	Cresselia	270	0	0	0	0	3	0	3
489	489	Phione	216	1	0	0	0	0	0	1
490	490	Manaphy	270	3	0	0	0	0	0	3
491	491	Darkrai	270	0	0	0	2	0	1	3
493	493	Arceus	324	3	0	0	0	0	0	3
494	494	Victini	270	3	0	0	0	0	0	3
495	495	Snivy	28	0	0	0	0	0	1	1
496	496	Servine	145	0	0	0	0	0	2	2
497	497	Serperior	238	0	0	0	0	0	3	3
498	498	Tepig	28	1	0	0	0	0	0	1
499	499	Pignite	146	0	2	0	0	0	0	2
500	500	Emboar	238	0	3	0	0	0	0	3
501	501	Oshawott	28	0	0	0	1	0	0	1
502	502	Dewott	145	0	0	0	2	0	0	2
503	503	Samurott	238	0	0	0	3	0	0	3
504	504	Patrat	51	0	1	0	0	0	0	1
505	505	Watchog	147	0	2	0	0	0	0	2
506	506	Lillipup	55	0	1	0	0	0	0	1
507	507	Herdier	130	0	2	0	0	0	0	2
508	508	Stoutland	221	0	3	0	0	0	0	3
509	509	Purrloin	56	0	0	0	0	0	1	1
510	510	Liepard	156	0	0	0	0	0	2	2
511	511	Pansage	63	0	0	0	0	0	1	1
512	512	Simisage	174	0	0	0	0	0	2	2
513	513	Pansear	63	0	0	0	0	0	1	1
514	514	Simisear	174	0	0	0	0	0	2	2
515	515	Panpour	63	0	0	0	0	0	1	1
516	516	Simipour	174	0	0	0	0	0	2	2
517	517	Munna	58	1	0	0	0	0	0	1
518	518	Musharna	170	2	0	0	0	0	0	2
519	519	Pidove	53	0	1	0	0	0	0	1
520	520	Tranquill	125	0	2	0	0	0	0	2
521	521	Unfezant	215	0	3	0	0	0	0	3
522	522	Blitzle	59	0	0	0	0	0	1	1
523	523	Zebstrika	174	0	0	0	0	0	2	2
524	524	Roggenrola	56	0	0	1	0	0	0	1
525	525	Boldore	137	0	1	1	0	0	0	2
526	526	Gigalith	227	0	3	0	0	0	0	3
527	527	Woobat	63	0	0	0	0	0	1	1
528	528	Swoobat	149	0	0	0	0	0	2	2
529	529	Drilbur	66	0	1	0	0	0	0	1
530	530	Excadrill	178	0	2	0	0	0	0	2
531	531	Audino	390	2	0	0	0	0	0	2
532	532	Timburr	61	0	1	0	0	0	0	1
533	533	Gurdurr	142	0	2	0	0	0	0	2
534	534	Conkeldurr	227	0	3	0	0	0	0	3
535	535	Tympole	59	0	0	0	0	0	1	1
536	536	Palpitoad	134	2	0	0	0	0	0	2
537	537	Seismitoad	225	3	0	0	0	0	0	3
538	538	Throh	163	2	0	0	0	0	0	2
539	539	Sawk	163	0	2	0	0	0	0	2
540	540	Sewaddle	62	0	0	1	0	0	0	1
541	541	Swadloon	133	0	0	2	0	0	0	2
542	542	Leavanny	221	0	3	0	0	0	0	3
543	543	Venipede	52	0	0	1	0	0	0	1
544	544	Whirlipede	126	0	0	2	0	0	0	2
545	545	Scolipede	214	0	0	0	0	0	3	3
546	546	Cottonee	56	0	0	0	0	0	1	1
547	547	Whimsicott	168	0	0	0	0	0	2	2
548	548	Petilil	56	0	0	0	1	0	0	1
549	549	Lilligant	168	0	0	0	2	0	0	2
550	550	Basculin	161	0	0	0	0	0	2	2
551	551	Sandile	58	0	1	0	0	0	0	1
552	552	Krokorok	123	0	2	0	0	0	0	2
553	553	Krookodile	229	0	3	0	0	0	0	3
554	554	Darumaka	63	0	1	0	0	0	0	1
556	556	Maractus	161	0	0	0	2	0	0	2
557	557	Dwebble	65	0	0	1	0	0	0	1
558	558	Crustle	166	0	0	2	0	0	0	2
559	559	Scraggy	70	0	1	0	0	0	0	1
560	560	Scrafty	171	0	0	1	0	1	0	2
561	561	Sigilyph	172	0	0	0	2	0	0	2
562	562	Yamask	61	0	0	1	0	0	0	1
563	563	Cofagrigus	169	0	0	2	0	0	0	2
564	564	Tirtouga	71	0	0	1	0	0	0	1
565	565	Carracosta	173	0	0	2	0	0	0	2
566	566	Archen	71	0	1	0	0	0	0	1
567	567	Archeops	177	0	2	0	0	0	0	2
568	568	Trubbish	66	0	0	0	0	0	1	1
569	569	Garbodor	166	0	2	0	0	0	0	2
570	570	Zorua	66	0	0	0	1	0	0	1
571	571	Zoroark	179	0	0	0	2	0	0	2
572	572	Minccino	60	0	0	0	0	0	1	1
573	573	Cinccino	165	0	0	0	0	0	2	2
574	574	Gothita	58	0	0	0	0	1	0	1
575	575	Gothorita	137	0	0	0	0	2	0	2
576	576	Gothitelle	221	0	0	0	0	3	0	3
577	577	Solosis	58	0	0	0	1	0	0	1
578	578	Duosion	130	0	0	0	2	0	0	2
579	579	Reuniclus	221	0	0	0	3	0	0	3
580	580	Ducklett	61	1	0	0	0	0	0	1
581	581	Swanna	166	0	0	0	0	0	2	2
582	582	Vanillite	61	0	0	0	1	0	0	1
583	583	Vanillish	138	0	0	0	2	0	0	2
584	584	Vanilluxe	241	0	0	0	3	0	0	3
585	585	Deerling	67	0	0	0	0	0	1	1
586	586	Sawsbuck	166	0	2	0	0	0	0	2
587	587	Emolga	150	0	0	0	0	0	2	2
588	588	Karrablast	63	0	1	0	0	0	0	1
589	589	Escavalier	173	0	2	0	0	0	0	2
590	590	Foongus	59	1	0	0	0	0	0	1
591	591	Amoonguss	162	2	0	0	0	0	0	2
592	592	Frillish	67	0	0	0	0	1	0	1
593	593	Jellicent	168	0	0	0	0	2	0	2
594	594	Alomomola	165	2	0	0	0	0	0	2
595	595	Joltik	64	0	0	0	0	0	1	1
596	596	Galvantula	165	0	0	0	0	0	2	2
597	597	Ferroseed	61	0	0	1	0	0	0	1
598	598	Ferrothorn	171	0	0	2	0	0	0	2
599	599	Klink	60	0	0	1	0	0	0	1
600	600	Klang	154	0	0	2	0	0	0	2
601	601	Klinklang	234	0	0	3	0	0	0	3
602	602	Tynamo	55	0	0	0	0	0	1	1
603	603	Eelektrik	142	0	2	0	0	0	0	2
604	604	Eelektross	232	0	3	0	0	0	0	3
605	605	Elgyem	67	0	0	0	1	0	0	1
606	606	Beheeyem	170	0	0	0	2	0	0	2
607	607	Litwick	55	0	0	0	1	0	0	1
608	608	Lampent	130	0	0	0	2	0	0	2
609	609	Chandelure	234	0	0	0	3	0	0	3
610	610	Axew	64	0	1	0	0	0	0	1
611	611	Fraxure	144	0	2	0	0	0	0	2
612	612	Haxorus	243	0	3	0	0	0	0	3
613	613	Cubchoo	61	0	1	0	0	0	0	1
614	614	Beartic	170	0	2	0	0	0	0	2
615	615	Cryogonal	170	0	0	0	0	2	0	2
616	616	Shelmet	61	0	0	1	0	0	0	1
617	617	Accelgor	173	0	0	0	0	0	2	2
618	618	Stunfisk	165	2	0	0	0	0	0	2
619	619	Mienfoo	70	0	1	0	0	0	0	1
620	620	Mienshao	179	0	2	0	0	0	0	2
621	621	Druddigon	170	0	2	0	0	0	0	2
622	622	Golett	61	0	1	0	0	0	0	1
623	623	Golurk	169	0	2	0	0	0	0	2
624	624	Pawniard	68	0	1	0	0	0	0	1
625	625	Bisharp	172	0	2	0	0	0	0	2
626	626	Bouffalant	172	0	2	0	0	0	0	2
627	627	Rufflet	70	0	1	0	0	0	0	1
628	628	Braviary	179	0	2	0	0	0	0	2
629	629	Vullaby	74	0	0	1	0	0	0	1
630	630	Mandibuzz	179	0	0	0	2	0	0	2
631	631	Heatmor	169	0	0	0	2	0	0	2
632	632	Durant	169	0	0	2	0	0	0	2
633	633	Deino	60	0	1	0	0	0	0	1
634	634	Zweilous	147	0	2	0	0	0	0	2
635	635	Hydreigon	270	0	0	0	3	0	0	3
636	636	Larvesta	72	0	1	0	0	0	0	1
637	637	Volcarona	248	0	0	0	3	0	0	3
638	638	Cobalion	261	0	0	3	0	0	0	3
639	639	Terrakion	261	0	3	0	0	0	0	3
640	640	Virizion	261	0	0	0	0	3	0	3
643	643	Reshiram	306	0	0	0	3	0	0	3
644	644	Zekrom	306	0	3	0	0	0	0	3
646	646	Kyurem	297	1	1	0	1	0	0	3
647	647	Keldeo	261	0	0	0	3	0	0	3
649	649	Genesect	270	0	1	0	1	0	1	3
650	650	Chespin	63	0	0	1	0	0	0	1
651	651	Quilladin	142	0	0	2	0	0	0	2
652	652	Chesnaught	239	0	0	3	0	0	0	3
653	653	Fennekin	61	0	0	0	1	0	0	1
654	654	Braixen	143	0	0	0	2	0	0	2
655	655	Delphox	240	0	0	0	3	0	0	3
656	656	Froakie	63	0	0	0	0	0	1	1
657	657	Frogadier	142	0	0	0	0	0	2	2
658	658	Greninja	239	0	0	0	0	0	3	3
659	659	Bunnelby	47	0	0	0	0	0	1	1
660	660	Diggersby	148	0	2	0	0	0	0	2
661	661	Fletchling	56	0	0	0	0	0	1	1
662	662	Fletchinder	134	0	0	0	0	0	2	2
663	663	Talonflame	175	0	0	0	0	0	3	3
664	664	Scatterbug	40	0	0	1	0	0	0	1
665	665	Spewpa	75	0	0	2	0	0	0	2
666	666	Vivillon	185	1	0	0	1	0	1	3
667	667	Litleo	74	0	0	0	1	0	0	1
668	668	Pyroar	177	0	0	0	2	0	0	2
669	669	Flabébé	61	0	0	0	0	1	0	1
670	670	Floette	130	0	0	0	0	2	0	2
671	671	Florges	248	0	0	0	0	2	0	2
672	672	Skiddo	70	1	0	0	0	0	0	1
673	673	Gogoat	186	2	0	0	0	0	0	2
674	674	Pancham	70	0	1	0	0	0	0	1
675	675	Pangoro	173	0	2	0	0	0	0	2
676	676	Furfrou	165	0	0	0	0	0	1	1
677	677	Espurr	71	0	0	0	0	0	1	1
678	678	Meowstic	163	0	0	0	0	0	2	2
679	679	Honedge	65	0	0	1	0	0	0	1
680	680	Doublade	157	0	0	2	0	0	0	2
681	681	Aegislash	234	0	0	2	0	1	0	3
682	682	Spritzee	68	1	0	0	0	0	0	1
683	683	Aromatisse	162	2	0	0	0	0	0	2
684	684	Swirlix	68	0	0	1	0	0	0	1
685	685	Slurpuff	168	0	0	2	0	0	0	2
686	686	Inkay	58	0	1	0	0	0	0	1
687	687	Malamar	169	0	2	0	0	0	0	2
688	688	Binacle	61	0	1	0	0	0	0	1
689	689	Barbaracle	175	0	2	0	0	0	0	2
690	690	Skrelp	64	0	0	0	0	1	0	1
691	691	Dragalge	173	0	0	0	0	2	0	2
692	692	Clauncher	66	0	0	0	1	0	0	1
693	693	Clawitzer	100	0	0	0	2	0	0	2
694	694	Helioptile	58	0	0	0	0	0	1	1
695	695	Heliolisk	168	0	0	0	1	0	1	2
696	696	Tyrunt	72	0	1	0	0	0	0	1
697	697	Tyrantrum	182	0	2	0	0	0	0	2
698	698	Amaura	72	1	0	0	0	0	0	1
699	699	Aurorus	104	2	0	0	0	0	0	2
700	700	Sylveon	184	0	0	0	0	2	0	2
701	701	Hawlucha	175	0	2	0	0	0	0	2
702	702	Dedenne	151	0	0	0	0	0	2	2
703	703	Carbink	100	0	0	1	0	1	0	2
704	704	Goomy	60	0	0	0	0	1	0	1
705	705	Sliggoo	158	0	0	0	0	2	0	2
706	706	Goodra	270	0	0	0	0	3	0	3
707	707	Klefki	165	0	0	1	0	0	0	1
708	708	Phantump	62	0	1	0	0	0	0	1
709	709	Trevenant	166	0	2	0	0	0	0	2
710	710	Pumpkaboo	67	0	0	1	0	0	0	1
711	711	Gourgeist	173	0	0	2	0	0	0	2
712	712	Bergmite	61	0	0	1	0	0	0	1
713	713	Avalugg	180	0	0	2	0	0	0	2
714	714	Noibat	49	0	0	0	0	0	1	1
715	715	Noivern	187	0	0	0	0	0	2	2
716	716	Xerneas	306	3	0	0	0	0	0	3
717	717	Yveltal	306	3	0	0	0	0	0	3
718	718	Zygarde	270	3	0	0	0	0	0	3
719	719	Diancie	270	0	0	1	0	2	0	3
720	720	Hoopa	270	0	0	0	3	0	0	3
721	721	Volcanion	255	0	0	0	3	0	0	3
